I[Techn.count]=15
J[Crit.count]=16
R[Val.count]=11

Technology #001
0.684691 0.684691 0.684691 0.684691 0.684691 0.684691 0.684691 0.696749 0.766193 1.000000 0.766193 
0.684691 0.684691 0.684691 0.684691 0.684691 0.684691 0.684691 0.684691 0.804419 1.000000 0.860543 
0.684691 0.684691 0.684691 0.684691 0.684691 0.684691 0.709596 0.807544 1.000000 0.921023 0.753251 
0.684691 0.684691 0.684691 0.684691 0.684691 0.684691 0.696749 0.768087 0.921023 1.000000 0.750189 
0.684691 0.684691 0.684691 0.684691 0.684691 0.684691 0.696749 0.779040 0.921023 1.000000 0.738479 
0.684691 0.684691 0.684691 0.684691 0.684691 0.684691 0.696749 0.806850 1.000000 0.866098 0.722380 
0.684691 0.684691 0.684691 0.684691 0.684691 0.684691 0.696749 0.753251 1.000000 0.925284 0.737405 
0.684691 0.684691 0.684691 0.684691 0.684691 0.684691 0.737405 0.925284 1.000000 0.846307 0.725694 
0.684691 0.684691 0.684691 0.684691 0.684691 0.738479 0.921023 1.000000 0.804419 0.738479 0.709596 
0.684691 0.684691 0.684691 0.684691 0.684691 0.684691 0.725694 0.804419 1.000000 0.852872 0.738479 
0.684691 0.684691 0.684691 0.684691 0.684691 0.684691 0.753251 0.921023 1.000000 0.804419 0.725694 
0.684691 0.684691 0.684691 0.684691 0.684691 0.684691 0.684691 0.737405 0.804419 1.000000 0.921023 
0.684691 0.684691 0.684691 0.684691 0.684691 0.684691 0.737153 0.846307 1.000000 0.846307 0.722380 
0.684691 0.684691 0.684691 0.684691 0.684691 0.684691 0.756376 0.921023 1.000000 0.846307 0.738479 
0.684691 0.684691 0.684691 0.684691 0.684691 0.684691 0.722380 0.846307 1.000000 0.852872 0.764962 
0.684691 0.684691 0.684691 0.684691 0.684691 0.684691 0.738479 0.795139 0.921023 1.000000 0.789646 

Technology #002
0.684691 0.684691 0.684691 0.684691 0.684691 0.697538 0.725694 0.863731 1.000000 0.943687 0.852872 
0.684691 0.684691 0.684691 0.684691 0.684691 0.684691 0.684691 0.684691 0.737153 1.000000 0.860543 
0.684691 0.684691 0.684691 0.684691 0.684691 0.684691 0.709596 0.804419 0.925284 1.000000 0.846307 
0.684691 0.684691 0.684691 0.684691 0.684691 0.684691 0.709596 0.764962 0.852872 1.000000 0.925284 
0.684691 0.684691 0.684691 0.684691 0.684691 0.684691 0.696749 0.737153 0.846307 1.000000 0.921023 
0.684691 0.684691 0.684691 0.684691 0.684691 0.684691 0.696749 0.737153 0.807544 1.000000 0.860543 
0.684691 0.684691 0.684691 0.684691 0.684691 0.684691 0.696749 0.804419 1.000000 0.846307 0.725694 
0.684691 0.684691 0.684691 0.684691 0.684691 0.684691 0.725694 1.000000 0.921023 0.846307 0.709596 
0.684691 0.684691 0.684691 0.684691 0.684691 0.684691 0.764962 0.931850 1.000000 0.863731 0.764962 
0.684691 0.684691 0.684691 0.684691 0.684691 0.684691 0.709596 0.804419 1.000000 0.921023 0.846307 
0.684691 0.684691 0.684691 0.684691 0.684691 0.724306 0.813415 0.921023 1.000000 0.804419 0.709596 
0.684691 0.684691 0.684691 0.684691 0.684691 0.684691 0.684691 0.709596 0.764962 1.000000 0.813415 
0.684691 0.684691 0.684691 0.684691 0.684691 0.684691 0.764962 0.921023 1.000000 0.846307 0.738479 
0.684691 0.684691 0.684691 0.684691 0.709596 1.000000 0.921023 0.860543 0.806850 0.738479 0.709596 
0.684691 0.684691 0.684691 0.684691 0.684691 0.684691 0.709533 0.766193 0.780429 1.000000 0.766193 
0.684691 0.684691 0.684691 0.684691 0.684691 0.684691 0.709533 0.846307 1.000000 0.846307 0.709533 

Technology #003
0.684691 0.684691 0.684691 0.684691 0.684691 0.684691 0.737973 0.804956 0.895013 1.000000 0.896717 
0.684691 0.684691 0.684691 0.684691 0.684691 0.684691 0.737973 0.751199 0.792077 0.792077 1.000000 
0.684691 0.684691 0.684691 0.684691 0.693624 0.712532 0.804735 0.865625 0.949590 1.000000 0.820391 
0.684691 0.684691 0.684691 0.684691 0.684691 0.684691 0.737973 0.801010 0.874495 1.000000 0.895486 
0.684691 0.684691 0.684691 0.693624 0.693624 0.703283 0.791730 0.861963 1.000000 0.863573 0.870802 
0.684691 0.684691 0.684691 0.684691 0.693624 0.767109 0.896717 0.920486 1.000000 0.895013 0.804956 
0.684691 0.684691 0.684691 0.684691 0.684691 0.684691 0.737973 0.751199 0.874495 1.000000 0.945896 
0.684691 0.684691 0.684691 0.684691 0.703283 0.712532 0.738447 0.895486 1.000000 0.961364 0.846307 
0.684691 0.684691 0.684691 0.684691 0.684691 0.693624 0.765814 0.845833 1.000000 0.945896 0.803567 
0.684691 0.684691 0.684691 0.693624 0.703283 0.767109 0.793024 0.912374 1.000000 0.873737 0.846307 
0.684691 0.684691 0.684691 0.693624 0.703283 0.729451 0.846307 0.908712 1.000000 0.920486 0.846307 
0.684691 0.684691 0.684691 0.693624 0.703283 0.712532 0.738447 0.846307 1.000000 1.000000 0.856850 
0.684691 0.684691 0.684691 0.684691 0.684691 0.739268 0.792551 0.856187 1.000000 0.949590 0.846307 
0.684691 0.684691 0.684691 0.684691 0.684691 0.693624 0.820391 0.950821 1.000000 0.895486 0.829893 
0.684691 0.684691 0.684691 0.684691 0.684691 0.684691 0.737973 0.792077 0.792077 0.840909 1.000000 
0.684691 0.684691 0.684691 0.693624 0.703283 0.712532 0.738447 0.804956 0.949590 1.000000 0.856850 

Technology #004
0.684691 0.684691 0.684691 0.684691 0.684691 0.684691 0.684691 0.684691 0.782102 1.000000 0.772222 
0.684691 0.684691 0.684691 0.684691 0.684691 0.684691 0.684691 0.684691 0.751452 1.000000 0.846307 
0.684691 0.684691 0.684691 0.684691 0.684691 0.684691 0.684691 0.725442 0.903567 1.000000 0.744918 
0.684691 0.684691 0.684691 0.684691 0.684691 0.684691 0.684691 0.725158 0.828567 1.000000 0.770139 
0.684691 0.684691 0.684691 0.684691 0.684691 0.684691 0.684691 0.712311 0.894287 1.000000 0.766477 
0.684691 0.684691 0.684691 0.684691 0.684691 0.684691 0.684691 0.726515 1.000000 0.888794 0.684691 
0.684691 0.684691 0.684691 0.684691 0.684691 0.684691 0.684691 0.725821 1.000000 0.898643 0.697569 
0.684691 0.684691 0.684691 0.684691 0.684691 0.684691 0.684691 0.724274 0.893245 1.000000 0.684691 
0.684691 0.684691 0.684691 0.684691 0.684691 0.684691 0.684691 0.684691 0.857102 1.000000 0.766193 
0.684691 0.684691 0.684691 0.684691 0.684691 0.684691 0.697569 0.777525 1.000000 0.862500 0.684691 
0.684691 0.684691 0.684691 0.684691 0.684691 0.684691 0.684691 0.777525 1.000000 0.872854 0.684691 
0.684691 0.684691 0.684691 0.684691 0.684691 0.684691 0.684691 0.712311 0.866951 1.000000 0.811332 
0.684691 0.684691 0.684691 0.684691 0.684691 0.684691 0.684691 0.792361 1.000000 0.815720 0.684691 
0.684691 0.684691 0.684691 0.684691 0.684691 0.684691 0.684691 0.731503 1.000000 0.863542 0.684691 
0.684691 0.684691 0.684691 0.684691 0.684691 0.684691 0.684691 0.684691 0.771244 1.000000 0.820770 
0.684691 0.684691 0.684691 0.684691 0.684691 0.684691 0.684691 0.718655 1.000000 0.911080 0.684691 

Technology #005
0.684691 0.684691 0.684691 0.684691 0.684691 0.684691 0.684691 0.684691 0.883396 1.000000 0.772412 
0.684691 0.684691 0.684691 0.684691 0.684691 0.684691 0.684691 0.684691 0.738479 1.000000 0.872664 
0.684691 0.684691 0.684691 0.684691 0.684691 0.684691 0.684691 0.697538 0.846307 1.000000 0.709533 
0.684691 0.684691 0.684691 0.684691 0.684691 0.684691 0.684691 0.713636 0.800505 1.000000 0.684691 
0.684691 0.684691 0.684691 0.684691 0.684691 0.684691 0.684691 0.713636 0.846307 1.000000 0.764962 
0.684691 0.684691 0.684691 0.684691 0.684691 0.684691 0.684691 0.713636 0.846307 1.000000 0.709533 
0.684691 0.684691 0.684691 0.684691 0.684691 0.684691 0.684691 0.713636 1.000000 0.863731 0.709596 
0.684691 0.684691 0.684691 0.684691 0.684691 0.684691 0.684691 0.684691 0.729672 1.000000 0.727431 
0.684691 0.684691 0.684691 0.684691 0.684691 0.684691 0.684691 0.684691 0.713636 1.000000 0.846307 
0.684691 0.684691 0.684691 0.684691 0.684691 0.684691 0.684691 0.764804 0.925284 1.000000 0.684691 
0.684691 0.684691 0.684691 0.684691 0.684691 0.684691 0.684691 0.725347 0.824211 1.000000 0.684691 
0.684691 0.684691 0.684691 0.684691 0.684691 0.684691 0.684691 0.795139 1.000000 0.846307 0.684691 
0.684691 0.684691 0.684691 0.684691 0.684691 0.684691 0.684691 0.764804 1.000000 0.806850 0.684691 
0.684691 0.684691 0.684691 0.684691 0.684691 0.684691 0.684691 0.725347 0.846307 1.000000 0.684691 
0.684691 0.684691 0.684691 0.684691 0.684691 0.684691 0.684691 0.684691 0.775663 1.000000 0.817740 
0.684691 0.684691 0.684691 0.684691 0.684691 0.684691 0.684691 0.684691 1.000000 0.872664 0.684691 

Technology #006
0.684691 0.684691 0.684691 0.684691 0.684691 0.684691 0.684691 0.684691 0.729672 1.000000 0.846307 
0.684691 0.684691 0.684691 0.684691 0.684691 0.684691 0.684691 0.684691 0.764804 1.000000 0.804419 
0.684691 0.684691 0.684691 0.684691 0.684691 0.684691 0.684691 0.684691 1.000000 0.886521 0.684691 
0.684691 0.684691 0.684691 0.684691 0.684691 0.684691 0.684691 0.684691 0.764804 1.000000 0.684691 
0.684691 0.684691 0.684691 0.684691 0.684691 0.684691 0.684691 0.684691 0.789646 1.000000 0.846307 
0.684691 0.684691 0.684691 0.684691 0.684691 0.684691 0.684691 0.713636 0.804419 1.000000 0.684691 
0.684691 0.684691 0.684691 0.684691 0.684691 0.684691 0.684691 0.725347 0.843782 1.000000 0.766193 
0.684691 0.684691 0.684691 0.684691 0.684691 0.684691 0.684691 0.684691 0.843782 1.000000 0.766193 
0.684691 0.684691 0.684691 0.684691 0.684691 0.684691 0.684691 0.684691 0.885890 1.000000 0.764804 
0.684691 0.684691 0.684691 0.684691 0.684691 0.684691 0.684691 0.684691 0.886521 1.000000 0.684691 
0.684691 0.684691 0.684691 0.684691 0.684691 0.684691 0.684691 0.684691 0.846307 1.000000 0.684691 
0.684691 0.684691 0.684691 0.684691 0.684691 0.684691 0.684691 0.713636 0.818403 1.000000 0.684691 
0.684691 0.684691 0.684691 0.684691 0.684691 0.684691 0.684691 0.713636 0.843782 1.000000 0.709533 
0.684691 0.684691 0.684691 0.684691 0.684691 0.684691 0.684691 0.725347 0.846307 1.000000 0.684691 
0.684691 0.684691 0.684691 0.684691 0.684691 0.684691 0.684691 0.684691 0.750189 1.000000 0.800505 
0.684691 0.684691 0.684691 0.684691 0.684691 0.684691 0.684691 0.684691 1.000000 0.815278 0.684691 

Technology #007
0.684691 0.684691 0.684691 0.684691 0.684691 0.684691 0.684691 0.684691 0.713636 1.000000 0.863731 
0.684691 0.684691 0.684691 0.684691 0.684691 0.684691 0.684691 0.684691 0.713636 1.000000 0.772412 
0.684691 0.684691 0.684691 0.684691 0.684691 0.684691 0.684691 0.684691 0.684691 0.840909 1.000000 
0.684691 0.684691 0.684691 0.684691 0.684691 0.684691 0.684691 0.684691 0.725347 1.000000 0.840909 
0.684691 0.684691 0.684691 0.684691 0.684691 0.684691 0.684691 0.684691 0.795139 1.000000 0.846307 
0.684691 0.684691 0.684691 0.684691 0.684691 0.684691 0.684691 0.684691 0.813415 1.000000 0.684691 
0.684691 0.684691 0.684691 0.684691 0.684691 0.684691 0.684691 0.725347 1.000000 0.866098 0.684691 
0.684691 0.684691 0.684691 0.684691 0.684691 0.684691 0.684691 0.725347 0.883396 1.000000 0.684691 
0.684691 0.684691 0.684691 0.684691 0.684691 0.684691 0.684691 0.684691 0.815278 1.000000 0.846307 
0.684691 0.684691 0.684691 0.684691 0.684691 0.684691 0.684691 0.684691 0.789646 1.000000 0.684691 
0.684691 0.684691 0.684691 0.684691 0.684691 0.684691 0.684691 0.684691 0.818403 1.000000 0.684691 
0.684691 0.684691 0.684691 0.684691 0.684691 0.684691 0.684691 0.684691 0.811174 1.000000 0.684691 
0.684691 0.684691 0.684691 0.684691 0.684691 0.684691 0.684691 0.713636 0.843782 1.000000 0.766193 
0.684691 0.684691 0.684691 0.684691 0.684691 0.684691 0.684691 0.725347 0.852872 1.000000 0.684691 
0.684691 0.684691 0.684691 0.684691 0.684691 0.684691 0.684691 0.684691 0.753251 1.000000 0.871402 
0.684691 0.684691 0.684691 0.684691 0.684691 0.684691 0.684691 0.684691 1.000000 0.827336 0.684691 

Technology #008
0.684691 0.684691 0.684691 0.684691 0.684691 0.684691 0.684691 0.684691 0.843782 1.000000 0.797443 
0.684691 0.684691 0.684691 0.684691 0.684691 0.684691 0.684691 0.684691 0.795139 1.000000 0.789646 
0.684691 0.684691 0.684691 0.684691 0.684691 0.684691 0.684691 0.684691 0.684691 1.000000 0.832039 
0.684691 0.684691 0.684691 0.684691 0.684691 0.684691 0.684691 0.684691 0.852872 1.000000 0.684691 
0.684691 0.684691 0.684691 0.684691 0.684691 0.684691 0.684691 0.684691 1.000000 0.846307 0.684691 
0.684691 0.684691 0.684691 0.684691 0.684691 0.684691 0.684691 0.684691 0.800505 1.000000 0.766193 
0.684691 0.684691 0.684691 0.684691 0.684691 0.684691 0.684691 0.775663 0.843782 1.000000 0.727431 
0.684691 0.684691 0.684691 0.684691 0.684691 0.684691 0.684691 0.764804 1.000000 0.846307 0.684691 
0.684691 0.684691 0.684691 0.684691 0.684691 0.684691 0.684691 0.684691 1.000000 0.857165 0.713636 
0.684691 0.684691 0.684691 0.684691 0.684691 0.684691 0.684691 0.684691 0.857165 1.000000 0.684691 
0.684691 0.684691 0.684691 0.684691 0.684691 0.684691 0.684691 0.684691 0.866098 1.000000 0.684691 
0.684691 0.684691 0.684691 0.684691 0.684691 0.684691 0.684691 0.684691 0.846307 1.000000 0.684691 
0.684691 0.684691 0.684691 0.684691 0.684691 0.684691 0.684691 0.866098 1.000000 0.806850 0.684691 
0.684691 0.684691 0.684691 0.684691 0.684691 0.684691 0.684691 0.684691 0.860543 1.000000 0.684691 
0.684691 0.684691 0.684691 0.684691 0.684691 0.684691 0.684691 0.684691 0.815278 1.000000 0.779040 
0.684691 0.684691 0.684691 0.684691 0.684691 0.684691 0.684691 0.684691 0.843782 1.000000 0.784596 

Technology #009
0.684691 0.684691 0.684691 0.684691 0.684691 0.684691 0.684691 0.684691 0.789646 1.000000 0.809375 
0.684691 0.684691 0.684691 0.684691 0.684691 0.684691 0.684691 0.684691 0.684691 1.000000 0.857165 
0.684691 0.684691 0.684691 0.684691 0.684691 0.684691 0.684691 0.684691 0.809438 1.000000 0.795139 
0.684691 0.684691 0.684691 0.684691 0.684691 0.684691 0.684691 0.684691 0.806850 1.000000 0.684691 
0.684691 0.684691 0.684691 0.684691 0.684691 0.684691 0.684691 0.684691 1.000000 0.884501 0.684691 
0.684691 0.684691 0.684691 0.684691 0.684691 0.684691 0.684691 0.684691 0.843782 1.000000 0.772759 
0.684691 0.684691 0.684691 0.684691 0.684691 0.684691 0.684691 0.713636 1.000000 0.884501 0.684691 
0.684691 0.684691 0.684691 0.684691 0.684691 0.684691 0.684691 0.697538 0.811174 1.000000 0.696749 
0.684691 0.684691 0.684691 0.684691 0.684691 0.684691 0.684691 0.684691 1.000000 0.866098 0.684691 
0.684691 0.684691 0.684691 0.684691 0.684691 0.684691 0.684691 0.684691 0.857165 1.000000 0.684691 
0.684691 0.684691 0.684691 0.684691 0.684691 0.684691 0.684691 0.684691 0.852872 1.000000 0.684691 
0.684691 0.684691 0.684691 0.684691 0.684691 0.684691 0.684691 0.684691 0.815278 1.000000 0.684691 
0.684691 0.684691 0.684691 0.684691 0.684691 0.684691 0.684691 0.684691 0.824211 1.000000 0.684691 
0.684691 0.684691 0.684691 0.684691 0.684691 0.684691 0.684691 0.684691 0.857165 1.000000 0.684691 
0.684691 0.684691 0.684691 0.684691 0.684691 0.684691 0.684691 0.684691 0.775663 1.000000 0.806850 
0.684691 0.684691 0.684691 0.684691 0.684691 0.684691 0.684691 0.684691 1.000000 0.871402 0.684691 

Technology #010
0.684691 0.684691 0.684691 0.684691 0.684691 0.684691 0.684691 0.684691 1.000000 0.846307 0.738479 
0.684691 0.684691 0.684691 0.684691 0.684691 0.684691 0.684691 0.684691 0.684691 1.000000 0.846307 
0.684691 0.684691 0.684691 0.684691 0.684691 0.684691 0.684691 0.684691 1.000000 0.846307 0.738479 
0.684691 0.684691 0.684691 0.684691 0.684691 0.684691 0.684691 0.684691 0.846307 1.000000 0.684691 
0.684691 0.684691 0.684691 0.684691 0.684691 0.684691 0.684691 0.684691 1.000000 0.846307 0.684691 
0.684691 0.684691 0.684691 0.684691 0.684691 0.684691 0.684691 0.684691 1.000000 0.863731 0.684691 
0.684691 0.684691 0.684691 0.684691 0.684691 0.684691 0.684691 0.738479 1.000000 0.738479 0.684691 
0.684691 0.684691 0.684691 0.684691 0.684691 0.684691 0.684691 0.846307 1.000000 0.846307 0.684691 
0.684691 0.684691 0.684691 0.684691 0.684691 0.684691 0.684691 0.684691 1.000000 0.863731 0.684691 
0.684691 0.684691 0.684691 0.684691 0.684691 0.684691 0.684691 0.684691 0.846307 1.000000 0.684691 
0.684691 0.684691 0.684691 0.684691 0.684691 0.684691 0.684691 0.684691 1.000000 0.846307 0.684691 
0.684691 0.684691 0.684691 0.684691 0.684691 0.684691 0.684691 0.684691 0.846307 1.000000 0.684691 
0.684691 0.684691 0.684691 0.684691 0.684691 0.684691 0.684691 0.684691 1.000000 0.846307 0.684691 
0.684691 0.684691 0.684691 0.684691 0.684691 0.684691 0.684691 0.684691 1.000000 0.684691 0.684691 
0.684691 0.684691 0.684691 0.684691 0.684691 0.684691 0.684691 0.684691 0.846307 1.000000 0.846307 
0.684691 0.684691 0.684691 0.684691 0.684691 0.684691 0.684691 0.684691 1.000000 0.846307 0.684691 

Technology #011
0.684691 0.684691 0.684691 0.684691 0.684691 0.684691 0.692519 0.739268 0.797822 0.856187 1.000000 
0.684691 0.684691 0.684691 0.684691 0.684691 0.684691 0.684691 0.739268 0.807955 1.000000 0.846654 
0.684691 0.684691 0.684691 0.684691 0.684691 0.684691 0.684691 0.764078 1.000000 0.897064 0.777304 
0.684691 0.684691 0.684691 0.684691 0.684691 0.684691 0.684691 0.710795 0.775852 1.000000 0.897064 
0.684691 0.684691 0.684691 0.684691 0.684691 0.710795 0.757670 0.807955 0.856187 0.846654 1.000000 
0.684691 0.684691 0.684691 0.711016 0.779766 1.000000 0.897064 0.766540 0.684691 0.684691 0.787626 
0.684691 0.684691 0.684691 0.684691 0.684691 0.701610 0.749527 0.789678 0.842961 0.819697 1.000000 
0.684691 0.751199 1.000000 0.792077 0.751199 0.692835 0.684691 0.787626 0.710795 0.752273 0.789678 
0.684691 0.684691 0.684691 0.684691 0.684691 0.684691 0.701610 0.767803 0.849495 1.000000 0.808996 
0.684691 0.684691 0.684691 0.684691 0.684691 0.684691 0.719886 0.805777 1.000000 0.846654 0.768119 
0.684691 0.684691 0.684691 0.739268 0.778977 1.000000 0.860038 0.868529 0.684691 0.684691 0.684691 
0.684691 0.684691 0.684691 0.737973 0.851831 1.000000 0.842961 0.744444 0.684691 0.684691 0.787626 
0.684691 0.684691 0.684691 0.684691 0.710795 0.789678 0.797822 0.777304 0.792077 1.000000 0.754861 
0.684691 0.684691 0.684691 0.684691 0.749527 0.789678 0.789678 0.757670 0.737973 1.000000 0.792077 
0.684691 0.684691 0.684691 0.684691 0.684691 0.684691 0.684691 0.702967 0.777304 0.859659 1.000000 
0.684691 0.684691 0.684691 0.692519 0.749527 0.789678 0.816004 0.816035 0.799905 1.000000 0.751199 

Technology #012
0.684691 0.684691 0.684691 0.684691 0.684691 0.684691 0.684691 0.846307 0.846307 1.000000 1.000000 
0.684691 0.684691 0.684691 0.684691 0.684691 0.684691 0.684691 0.684691 0.684691 0.684691 1.000000 
0.684691 0.684691 0.684691 0.684691 0.684691 0.684691 0.684691 0.684691 0.846307 1.000000 0.846307 
0.684691 0.684691 0.684691 0.684691 0.684691 0.684691 0.684691 0.846307 1.000000 0.846307 0.738479 
0.684691 0.684691 0.684691 0.709596 0.709596 0.738479 0.846307 1.000000 1.000000 0.846307 0.764962 
0.684691 0.684691 0.684691 0.684691 0.684691 0.764962 0.846307 0.880335 1.000000 1.000000 0.880335 
0.684691 0.684691 0.684691 0.684691 0.684691 0.684691 0.684691 0.684691 0.684691 0.846307 1.000000 
0.684691 0.684691 0.684691 0.684691 0.738479 0.764962 0.846307 0.880335 1.000000 1.000000 0.846307 
0.684691 0.684691 0.684691 0.684691 0.684691 0.709596 0.764962 0.846307 1.000000 1.000000 0.880335 
0.684691 0.684691 0.684691 0.709596 0.738479 0.764962 0.846307 1.000000 1.000000 0.880335 0.846307 
0.684691 0.684691 0.684691 0.709596 0.738479 0.764962 0.846307 0.880335 1.000000 1.000000 0.846307 
0.684691 0.684691 0.684691 0.684691 0.684691 0.684691 0.684691 0.846307 1.000000 1.000000 0.880335 
0.684691 0.684691 0.684691 0.684691 0.684691 0.684691 0.684691 0.684691 1.000000 1.000000 0.846307 
0.684691 0.684691 0.684691 0.684691 0.684691 0.709596 0.764962 0.846307 1.000000 1.000000 0.880335 
0.684691 0.684691 0.684691 0.684691 0.684691 0.684691 0.684691 0.684691 1.000000 1.000000 0.846307 
0.684691 0.684691 0.684691 0.709596 0.738479 0.764962 0.846307 1.000000 1.000000 0.880335 0.846307 

Technology #013
0.684691 0.684691 0.684691 0.684691 0.684691 0.684691 0.713636 0.787721 0.925284 1.000000 0.811174 
0.684691 0.684691 0.684691 0.684691 0.684691 0.684691 0.709533 0.779040 0.881566 1.000000 0.925284 
0.684691 0.684691 0.713636 0.775663 0.789299 1.000000 0.806850 0.853756 0.840909 0.766193 0.766193 
0.684691 0.684691 0.684691 0.684691 0.684691 0.697538 0.775663 0.868624 1.000000 0.881566 0.766193 
0.684691 0.684691 0.684691 0.684691 0.684691 0.684691 0.684691 0.713636 0.741730 0.925284 1.000000 
0.697538 0.729672 0.775663 0.843782 0.789741 1.000000 0.853756 0.766193 0.684691 0.684691 0.684691 
0.684691 0.684691 0.684691 0.684691 0.713636 0.729672 0.775663 0.925284 1.000000 0.931881 0.766193 
0.684691 0.684691 0.684691 0.684691 0.795139 0.931881 1.000000 0.870802 0.729672 0.684691 0.684691 
0.684691 0.684691 0.684691 0.684691 0.696749 0.795139 0.931881 1.000000 0.846307 0.724306 0.684691 
0.684691 0.684691 0.684691 0.684691 0.684691 0.684691 0.724306 0.853756 0.921023 1.000000 0.789299 
0.684691 0.684691 0.684691 0.684691 0.684691 0.684691 0.709533 0.806850 0.921023 1.000000 0.775663 
0.684691 0.684691 0.684691 0.684691 0.766193 0.840909 0.853756 0.857165 1.000000 0.789299 0.684691 
0.684691 0.684691 0.753251 0.885890 1.000000 0.795139 0.724306 0.709533 0.696749 0.684691 0.684691 
0.684691 0.772759 0.813542 1.000000 0.869855 0.784596 0.772759 0.724306 0.684691 0.684691 0.684691 
0.684691 0.684691 0.684691 0.697538 0.764804 1.000000 0.729672 0.753251 0.772759 0.840909 0.784596 
0.684691 0.684691 0.684691 0.684691 0.727431 0.780429 0.840909 0.869855 0.863731 1.000000 0.789299 

Technology #014
0.684691 0.684691 0.684691 0.684691 0.684691 0.684691 0.696749 0.825410 1.000000 0.943687 0.804419 
0.684691 0.684691 0.684691 0.684691 0.697538 0.750189 1.000000 0.931881 0.811174 0.696749 0.684691 
0.684691 0.684691 0.684691 0.684691 0.684691 0.684691 0.684691 0.725694 0.857165 1.000000 0.943687 
0.684691 0.684691 0.684691 0.684691 0.684691 0.684691 0.709533 0.772759 0.797443 0.931881 1.000000 
0.684691 0.684691 0.684691 0.684691 0.684691 0.684691 0.684691 0.684691 0.789646 1.000000 0.921023 
0.684691 0.684691 0.684691 0.684691 0.684691 0.713636 0.775663 1.000000 0.864710 0.853756 0.766193 
0.684691 0.725347 0.843782 1.000000 0.875568 0.881566 0.737153 0.684691 0.684691 0.684691 0.684691 
0.684691 0.684691 0.725694 0.857165 0.945518 1.000000 0.804419 0.725347 0.697538 0.684691 0.684691 
0.684691 0.684691 0.684691 0.766193 0.840909 0.737153 0.729672 1.000000 0.775663 0.713636 0.684691 
0.684691 0.684691 0.684691 0.684691 0.697538 0.725347 0.789299 0.843782 0.857165 1.000000 0.766193 
0.684691 0.697538 0.804419 1.000000 0.921023 0.869855 0.772759 0.684691 0.684691 0.684691 0.684691 
0.684691 0.709533 0.779040 0.885890 1.000000 0.925284 0.787721 0.713636 0.684691 0.684691 0.684691 
0.684691 0.684691 0.684691 0.684691 0.684691 0.684691 0.684691 0.724306 0.811174 1.000000 0.943687 
0.684691 0.684691 0.684691 0.684691 0.684691 0.684691 0.709533 0.766193 0.853756 0.931881 1.000000 
0.684691 0.684691 0.684691 0.684691 0.684691 0.684691 0.684691 0.696749 0.779040 0.921023 1.000000 
0.684691 0.684691 0.696749 0.724306 0.784596 0.840909 0.766193 0.709596 0.764804 1.000000 0.764804 

Technology #015
0.684691 0.684691 0.684691 0.684691 0.684691 0.684691 0.738479 1.000000 1.000000 0.846307 0.684691 
0.684691 0.684691 0.684691 0.684691 0.684691 0.684691 0.738479 1.000000 0.846307 0.684691 0.684691 
0.684691 0.684691 0.684691 0.684691 0.684691 0.684691 0.846307 1.000000 0.846307 0.684691 0.684691 
0.684691 0.684691 0.684691 0.684691 0.684691 0.684691 0.684691 0.846307 1.000000 0.846307 0.684691 
0.684691 0.684691 0.684691 0.684691 0.684691 0.684691 0.709596 0.846307 1.000000 0.709596 0.684691 
0.684691 0.684691 0.684691 0.684691 0.684691 0.684691 0.738479 1.000000 1.000000 0.738479 0.684691 
0.684691 0.684691 0.684691 0.684691 0.684691 0.684691 0.709596 1.000000 1.000000 0.709596 0.684691 
0.684691 0.684691 0.684691 0.684691 0.709596 1.000000 1.000000 0.846307 0.684691 0.684691 0.684691 
0.684691 0.684691 0.684691 0.684691 0.846307 1.000000 1.000000 0.846307 0.684691 0.684691 0.684691 
0.684691 0.684691 0.684691 0.684691 0.684691 0.684691 0.709596 1.000000 1.000000 0.709596 0.684691 
0.684691 0.684691 0.684691 0.684691 0.684691 0.684691 0.738479 1.000000 1.000000 0.738479 0.684691 
0.684691 0.684691 0.684691 0.684691 0.684691 0.684691 1.000000 1.000000 0.684691 0.684691 0.684691 
0.684691 0.684691 0.684691 0.684691 0.684691 0.684691 0.846307 1.000000 1.000000 0.846307 0.684691 
0.684691 0.684691 0.684691 0.684691 0.684691 0.684691 1.000000 1.000000 0.684691 0.684691 0.684691 
0.684691 0.684691 0.684691 0.684691 0.684691 0.684691 0.846307 1.000000 1.000000 0.846307 0.684691 
0.684691 0.684691 0.684691 0.684691 0.684691 0.684691 0.684691 0.684691 1.000000 1.000000 0.684691 
