qParam= 16 (parameters per 1 object)
y=(x(1)+x(2)+x(3))*x(9)+x(4)+x(5)+x(6)*x(7)+x(8)*x(9)+1/5*(x(10)+x(11))*x(12)+x(13)+x(14)+x(15)+x(16)
The above lines are intended for 'ptopObjSelection(ptopLoadPoss3d( filename )' usage. See file loader.sce for help. The line below is a separator and must begin with an asterix.
*******************************************
0.0 0.0 0.0 0.0 0.0 0.0 0.1 0.6 1.0 0.8 0.6
0.0 0.0 0.0 0.0 0.0 0.0 0.0 0.0 0.3 1.0 0.7
0.0 0.0 0.0 0.0 0.0 0.0 0.1 0.3 0.5 1.0 0.5
0.0 0.0 0.0 0.0 0.0 0.0 0.1 0.3 0.6 1.0 0.5
0.0 0.0 0.0 0.0 0.0 0.0 0.1 0.3 0.5 0.7 1.0
0.0 0.0 0.0 0.0 0.0 0.0 0.1 0.3 0.4 1.0 0.7
0.0 0.0 0.0 0.0 0.0 0.0 0.1 0.3 1.0 0.5 0.1
0.0 0.0 0.0 0.0 0.0 0.0 0.1 0.5 1.0 0.5 0.1
0.0 0.0 0.0 0.0 0.0 0.0 0.3 0.6 1.0 0.6 0.3
0.0 0.0 0.0 0.0 0.0 0.0 0.1 0.3 0.7 1.0 0.5
0.0 0.0 0.0 0.0 0.0 0.3 0.6 1.0 0.6 0.3 0.1
0.0 0.0 0.0 0.0 0.0 0.0 0.0 0.1 0.3 1.0 0.6
0.0 0.0 0.0 0.0 0.0 0.0 0.3 1.0 0.7 0.5 0.2
0.0 0.0 0.0 0.0 0.1 0.5 1.0 0.7 0.5 0.2 0.1
0.0 0.0 0.0 0.0 0.0 0.0 0.2 0.5 0.7 1.0 0.5
0.0 0.0 0.0 0.0 0.0 0.0 0.2 0.5 1.0 0.5 0.2
0.0 0.0 0.0 0.0 0.0 0.0 0.0 0.0 0.0 0.5 1.0
0.0 0.0 0.0 0.0 0.0 0.0 0.0 0.0 0.0 0.0 1.0
0.0 0.0 0.0 0.0 0.0 0.0 0.0 0.1 0.5 1.0 0.5
0.0 0.0 0.0 0.0 0.0 0.0 0.0 0.0 0.5 1.0 0.5
0.0 0.0 0.0 0.0 0.0 0.0 0.0 0.1 0.3 0.5 1.0
0.0 0.0 0.0 0.0 0.0 0.5 1.0 1.0 0.5 0.0 0.0
0.0 0.0 0.0 0.0 0.0 0.0 0.0 0.0 0.5 1.0 1.0
0.0 0.0 0.0 0.0 0.0 0.0 0.0 0.5 1.0 1.0 0.5
0.0 0.0 0.0 0.0 0.0 0.0 0.0 0.0 0.5 1.0 0.5
0.0 0.0 0.0 0.0 0.0 0.5 0.5 0.5 1.0 0.5 0.5
0.0 0.0 0.0 0.0 0.0 0.2 0.5 0.5 1.0 1.0 0.5
0.0 0.0 0.0 0.0 0.0 0.0 0.0 0.5 1.0 1.0 0.5
0.0 0.0 0.0 0.0 0.0 0.5 0.5 1.0 1.0 0.5 0.5
0.0 0.0 0.0 0.0 0.0 0.0 0.5 1.0 1.0 0.5 0.5
0.0 0.0 0.0 0.0 0.0 0.0 0.0 0.0 0.0 0.0 1.0
0.0 0.0 0.0 0.0 0.0 0.0 0.0 0.0 0.5 1.0 0.5
*******************************************
