
0.000000 0.000000 0.000000 0.000000 0.000000 0.000000 0.000000 0.038242 0.258483 1.000000 0.258483 
0.000000 0.000000 0.000000 0.000000 0.000000 0.000000 0.000000 0.000000 0.379716 1.000000 0.557713 
0.000000 0.000000 0.000000 0.000000 0.000000 0.000000 0.078986 0.389627 1.000000 0.749525 0.217437 
0.000000 0.000000 0.000000 0.000000 0.000000 0.000000 0.038242 0.264490 0.749525 1.000000 0.207726 
0.000000 0.000000 0.000000 0.000000 0.000000 0.000000 0.038242 0.299227 0.749525 1.000000 0.170588 
0.000000 0.000000 0.000000 0.000000 0.000000 0.000000 0.038242 0.387426 1.000000 0.575331 0.119530 
0.000000 0.000000 0.000000 0.000000 0.000000 0.000000 0.038242 0.217437 1.000000 0.763039 0.167182 
0.000000 0.000000 0.000000 0.000000 0.000000 0.000000 0.167182 0.763039 1.000000 0.512564 0.130041 
0.000000 0.000000 0.000000 0.000000 0.000000 0.170588 0.749525 1.000000 0.379716 0.170588 0.078986 
0.000000 0.000000 0.000000 0.000000 0.000000 0.000000 0.130041 0.379716 1.000000 0.533385 0.170588 
0.000000 0.000000 0.000000 0.000000 0.000000 0.000000 0.217437 0.749525 1.000000 0.379716 0.130041 
0.000000 0.000000 0.000000 0.000000 0.000000 0.000000 0.000000 0.167182 0.379716 1.000000 0.749525 
0.000000 0.000000 0.000000 0.000000 0.000000 0.000000 0.166383 0.512564 1.000000 0.512564 0.119530 
0.000000 0.000000 0.000000 0.000000 0.000000 0.000000 0.227348 0.749525 1.000000 0.512564 0.170588 
0.000000 0.000000 0.000000 0.000000 0.000000 0.000000 0.119530 0.512564 1.000000 0.533385 0.254579 
0.000000 0.000000 0.000000 0.000000 0.000000 0.000000 0.170588 0.350285 0.749525 1.000000 0.332864 
0.000000 0.000000 0.000000 0.000000 0.000000 0.040744 0.130041 0.567824 1.000000 0.821404 0.533385 
0.000000 0.000000 0.000000 0.000000 0.000000 0.000000 0.000000 0.000000 0.166383 1.000000 0.557713 
0.000000 0.000000 0.000000 0.000000 0.000000 0.000000 0.078986 0.379716 0.763039 1.000000 0.512564 
0.000000 0.000000 0.000000 0.000000 0.000000 0.000000 0.078986 0.254579 0.533385 1.000000 0.763039 
0.000000 0.000000 0.000000 0.000000 0.000000 0.000000 0.038242 0.166383 0.512564 1.000000 0.749525 
0.000000 0.000000 0.000000 0.000000 0.000000 0.000000 0.038242 0.166383 0.389627 1.000000 0.557713 
0.000000 0.000000 0.000000 0.000000 0.000000 0.000000 0.038242 0.379716 1.000000 0.512564 0.130041 
0.000000 0.000000 0.000000 0.000000 0.000000 0.000000 0.130041 1.000000 0.749525 0.512564 0.078986 
0.000000 0.000000 0.000000 0.000000 0.000000 0.000000 0.254579 0.783863 1.000000 0.567824 0.254579 
0.000000 0.000000 0.000000 0.000000 0.000000 0.000000 0.078986 0.379716 1.000000 0.749525 0.512564 
0.000000 0.000000 0.000000 0.000000 0.000000 0.125639 0.408247 0.749525 1.000000 0.379716 0.078986 
0.000000 0.000000 0.000000 0.000000 0.000000 0.000000 0.000000 0.078986 0.254579 1.000000 0.408247 
0.000000 0.000000 0.000000 0.000000 0.000000 0.000000 0.254579 0.749525 1.000000 0.512564 0.170588 
0.000000 0.000000 0.000000 0.000000 0.078986 1.000000 0.749525 0.557713 0.387426 0.170588 0.078986 
0.000000 0.000000 0.000000 0.000000 0.000000 0.000000 0.078786 0.258483 0.303632 1.000000 0.258483 
0.000000 0.000000 0.000000 0.000000 0.000000 0.000000 0.078786 0.512564 1.000000 0.512564 0.078786 
0.000000 0.000000 0.000000 0.000000 0.000000 0.000000 0.168983 0.381419 0.667035 1.000000 0.672439 
0.000000 0.000000 0.000000 0.000000 0.000000 0.000000 0.168983 0.210930 0.340574 0.340574 1.000000 
0.000000 0.000000 0.000000 0.000000 0.028331 0.088298 0.380719 0.573831 0.840125 1.000000 0.430371 
0.000000 0.000000 0.000000 0.000000 0.000000 0.000000 0.168983 0.368905 0.601962 1.000000 0.668535 
0.000000 0.000000 0.000000 0.028331 0.028331 0.058964 0.339473 0.562217 1.000000 0.567323 0.590250 
0.000000 0.000000 0.000000 0.000000 0.028331 0.261388 0.672439 0.747822 1.000000 0.667035 0.381419 
0.000000 0.000000 0.000000 0.000000 0.000000 0.000000 0.168983 0.210930 0.601962 1.000000 0.828410 
0.000000 0.000000 0.000000 0.000000 0.058964 0.088298 0.170487 0.668535 1.000000 0.877466 0.512564 
0.000000 0.000000 0.000000 0.000000 0.000000 0.028331 0.257281 0.511061 1.000000 0.828410 0.377014 
0.000000 0.000000 0.000000 0.028331 0.058964 0.261388 0.343577 0.722095 1.000000 0.599558 0.512564 
0.000000 0.000000 0.000000 0.028331 0.058964 0.141956 0.512564 0.710481 1.000000 0.747822 0.512564 
0.000000 0.000000 0.000000 0.028331 0.058964 0.088298 0.170487 0.512564 1.000000 1.000000 0.546001 
0.000000 0.000000 0.000000 0.000000 0.000000 0.173091 0.342077 0.543898 1.000000 0.840125 0.512564 
0.000000 0.000000 0.000000 0.000000 0.000000 0.028331 0.430371 0.844029 1.000000 0.668535 0.460507 
0.000000 0.000000 0.000000 0.000000 0.000000 0.000000 0.168983 0.340574 0.340574 0.495444 1.000000 
0.000000 0.000000 0.000000 0.028331 0.058964 0.088298 0.170487 0.381419 0.840125 1.000000 0.546001 
0.000000 0.000000 0.000000 0.000000 0.000000 0.000000 0.000000 0.000000 0.308938 1.000000 0.277604 
0.000000 0.000000 0.000000 0.000000 0.000000 0.000000 0.000000 0.000000 0.211732 1.000000 0.512564 
0.000000 0.000000 0.000000 0.000000 0.000000 0.000000 0.000000 0.129241 0.694164 1.000000 0.191009 
0.000000 0.000000 0.000000 0.000000 0.000000 0.000000 0.000000 0.128341 0.456302 1.000000 0.270998 
0.000000 0.000000 0.000000 0.000000 0.000000 0.000000 0.000000 0.087597 0.664732 1.000000 0.259384 
0.000000 0.000000 0.000000 0.000000 0.000000 0.000000 0.000000 0.132644 1.000000 0.647311 0.000000 
0.000000 0.000000 0.000000 0.000000 0.000000 0.000000 0.000000 0.130443 1.000000 0.678547 0.040842 
0.000000 0.000000 0.000000 0.000000 0.000000 0.000000 0.000000 0.125537 0.661427 1.000000 0.000000 
0.000000 0.000000 0.000000 0.000000 0.000000 0.000000 0.000000 0.000000 0.546800 1.000000 0.258483 
0.000000 0.000000 0.000000 0.000000 0.000000 0.000000 0.040842 0.294422 1.000000 0.563920 0.000000 
0.000000 0.000000 0.000000 0.000000 0.000000 0.000000 0.000000 0.294422 1.000000 0.596757 0.000000 
0.000000 0.000000 0.000000 0.000000 0.000000 0.000000 0.000000 0.087597 0.578036 1.000000 0.401641 
0.000000 0.000000 0.000000 0.000000 0.000000 0.000000 0.000000 0.341475 1.000000 0.415557 0.000000 
0.000000 0.000000 0.000000 0.000000 0.000000 0.000000 0.000000 0.148464 1.000000 0.567225 0.000000 
0.000000 0.000000 0.000000 0.000000 0.000000 0.000000 0.000000 0.000000 0.274502 1.000000 0.431573 
0.000000 0.000000 0.000000 0.000000 0.000000 0.000000 0.000000 0.107717 1.000000 0.717991 0.000000 
0.000000 0.000000 0.000000 0.000000 0.000000 0.000000 0.000000 0.000000 0.630191 1.000000 0.278206 
0.000000 0.000000 0.000000 0.000000 0.000000 0.000000 0.000000 0.000000 0.170588 1.000000 0.596155 
0.000000 0.000000 0.000000 0.000000 0.000000 0.000000 0.000000 0.040744 0.512564 1.000000 0.078786 
0.000000 0.000000 0.000000 0.000000 0.000000 0.000000 0.000000 0.091799 0.367303 1.000000 0.000000 
0.000000 0.000000 0.000000 0.000000 0.000000 0.000000 0.000000 0.091799 0.512564 1.000000 0.254579 
0.000000 0.000000 0.000000 0.000000 0.000000 0.000000 0.000000 0.091799 0.512564 1.000000 0.078786 
0.000000 0.000000 0.000000 0.000000 0.000000 0.000000 0.000000 0.091799 1.000000 0.567824 0.078986 
0.000000 0.000000 0.000000 0.000000 0.000000 0.000000 0.000000 0.000000 0.142657 1.000000 0.135550 
0.000000 0.000000 0.000000 0.000000 0.000000 0.000000 0.000000 0.000000 0.091799 1.000000 0.512564 
0.000000 0.000000 0.000000 0.000000 0.000000 0.000000 0.000000 0.254078 0.763039 1.000000 0.000000 
0.000000 0.000000 0.000000 0.000000 0.000000 0.000000 0.000000 0.128940 0.442487 1.000000 0.000000 
0.000000 0.000000 0.000000 0.000000 0.000000 0.000000 0.000000 0.350285 1.000000 0.512564 0.000000 
0.000000 0.000000 0.000000 0.000000 0.000000 0.000000 0.000000 0.254078 1.000000 0.387426 0.000000 
0.000000 0.000000 0.000000 0.000000 0.000000 0.000000 0.000000 0.128940 0.512564 1.000000 0.000000 
0.000000 0.000000 0.000000 0.000000 0.000000 0.000000 0.000000 0.000000 0.288517 1.000000 0.421964 
0.000000 0.000000 0.000000 0.000000 0.000000 0.000000 0.000000 0.000000 1.000000 0.596155 0.000000 
0.000000 0.000000 0.000000 0.000000 0.000000 0.000000 0.000000 0.000000 0.142657 1.000000 0.512564 
0.000000 0.000000 0.000000 0.000000 0.000000 0.000000 0.000000 0.000000 0.254078 1.000000 0.379716 
0.000000 0.000000 0.000000 0.000000 0.000000 0.000000 0.000000 0.000000 1.000000 0.640102 0.000000 
0.000000 0.000000 0.000000 0.000000 0.000000 0.000000 0.000000 0.000000 0.254078 1.000000 0.000000 
0.000000 0.000000 0.000000 0.000000 0.000000 0.000000 0.000000 0.000000 0.332864 1.000000 0.512564 
0.000000 0.000000 0.000000 0.000000 0.000000 0.000000 0.000000 0.091799 0.379716 1.000000 0.000000 
0.000000 0.000000 0.000000 0.000000 0.000000 0.000000 0.000000 0.128940 0.504556 1.000000 0.258483 
0.000000 0.000000 0.000000 0.000000 0.000000 0.000000 0.000000 0.000000 0.504556 1.000000 0.258483 
0.000000 0.000000 0.000000 0.000000 0.000000 0.000000 0.000000 0.000000 0.638101 1.000000 0.254078 
0.000000 0.000000 0.000000 0.000000 0.000000 0.000000 0.000000 0.000000 0.640102 1.000000 0.000000 
0.000000 0.000000 0.000000 0.000000 0.000000 0.000000 0.000000 0.000000 0.512564 1.000000 0.000000 
0.000000 0.000000 0.000000 0.000000 0.000000 0.000000 0.000000 0.091799 0.424067 1.000000 0.000000 
0.000000 0.000000 0.000000 0.000000 0.000000 0.000000 0.000000 0.091799 0.504556 1.000000 0.078786 
0.000000 0.000000 0.000000 0.000000 0.000000 0.000000 0.000000 0.128940 0.512564 1.000000 0.000000 
0.000000 0.000000 0.000000 0.000000 0.000000 0.000000 0.000000 0.000000 0.207726 1.000000 0.367303 
0.000000 0.000000 0.000000 0.000000 0.000000 0.000000 0.000000 0.000000 1.000000 0.414156 0.000000 
0.000000 0.000000 0.000000 0.000000 0.000000 0.000000 0.000000 0.000000 0.091799 1.000000 0.567824 
0.000000 0.000000 0.000000 0.000000 0.000000 0.000000 0.000000 0.000000 0.091799 1.000000 0.278206 
0.000000 0.000000 0.000000 0.000000 0.000000 0.000000 0.000000 0.000000 0.000000 0.495444 1.000000 
0.000000 0.000000 0.000000 0.000000 0.000000 0.000000 0.000000 0.000000 0.128940 1.000000 0.495444 
0.000000 0.000000 0.000000 0.000000 0.000000 0.000000 0.000000 0.000000 0.350285 1.000000 0.512564 
0.000000 0.000000 0.000000 0.000000 0.000000 0.000000 0.000000 0.000000 0.408247 1.000000 0.000000 
0.000000 0.000000 0.000000 0.000000 0.000000 0.000000 0.000000 0.128940 1.000000 0.575331 0.000000 
0.000000 0.000000 0.000000 0.000000 0.000000 0.000000 0.000000 0.128940 0.630191 1.000000 0.000000 
0.000000 0.000000 0.000000 0.000000 0.000000 0.000000 0.000000 0.000000 0.414156 1.000000 0.512564 
0.000000 0.000000 0.000000 0.000000 0.000000 0.000000 0.000000 0.000000 0.332864 1.000000 0.000000 
0.000000 0.000000 0.000000 0.000000 0.000000 0.000000 0.000000 0.000000 0.424067 1.000000 0.000000 
0.000000 0.000000 0.000000 0.000000 0.000000 0.000000 0.000000 0.000000 0.401140 1.000000 0.000000 
0.000000 0.000000 0.000000 0.000000 0.000000 0.000000 0.000000 0.091799 0.504556 1.000000 0.258483 
0.000000 0.000000 0.000000 0.000000 0.000000 0.000000 0.000000 0.128940 0.533385 1.000000 0.000000 
0.000000 0.000000 0.000000 0.000000 0.000000 0.000000 0.000000 0.000000 0.217437 1.000000 0.592152 
0.000000 0.000000 0.000000 0.000000 0.000000 0.000000 0.000000 0.000000 1.000000 0.452397 0.000000 
0.000000 0.000000 0.000000 0.000000 0.000000 0.000000 0.000000 0.000000 0.504556 1.000000 0.357592 
0.000000 0.000000 0.000000 0.000000 0.000000 0.000000 0.000000 0.000000 0.350285 1.000000 0.332864 
0.000000 0.000000 0.000000 0.000000 0.000000 0.000000 0.000000 0.000000 0.000000 1.000000 0.467313 
0.000000 0.000000 0.000000 0.000000 0.000000 0.000000 0.000000 0.000000 0.533385 1.000000 0.000000 
0.000000 0.000000 0.000000 0.000000 0.000000 0.000000 0.000000 0.000000 1.000000 0.512564 0.000000 
0.000000 0.000000 0.000000 0.000000 0.000000 0.000000 0.000000 0.000000 0.367303 1.000000 0.258483 
0.000000 0.000000 0.000000 0.000000 0.000000 0.000000 0.000000 0.288517 0.504556 1.000000 0.135550 
0.000000 0.000000 0.000000 0.000000 0.000000 0.000000 0.000000 0.254078 1.000000 0.512564 0.000000 
0.000000 0.000000 0.000000 0.000000 0.000000 0.000000 0.000000 0.000000 1.000000 0.547000 0.091799 
0.000000 0.000000 0.000000 0.000000 0.000000 0.000000 0.000000 0.000000 0.547000 1.000000 0.000000 
0.000000 0.000000 0.000000 0.000000 0.000000 0.000000 0.000000 0.000000 0.575331 1.000000 0.000000 
0.000000 0.000000 0.000000 0.000000 0.000000 0.000000 0.000000 0.000000 0.512564 1.000000 0.000000 
0.000000 0.000000 0.000000 0.000000 0.000000 0.000000 0.000000 0.575331 1.000000 0.387426 0.000000 
0.000000 0.000000 0.000000 0.000000 0.000000 0.000000 0.000000 0.000000 0.557713 1.000000 0.000000 
0.000000 0.000000 0.000000 0.000000 0.000000 0.000000 0.000000 0.000000 0.414156 1.000000 0.299227 
0.000000 0.000000 0.000000 0.000000 0.000000 0.000000 0.000000 0.000000 0.504556 1.000000 0.316848 
0.000000 0.000000 0.000000 0.000000 0.000000 0.000000 0.000000 0.000000 0.332864 1.000000 0.395434 
0.000000 0.000000 0.000000 0.000000 0.000000 0.000000 0.000000 0.000000 0.000000 1.000000 0.547000 
0.000000 0.000000 0.000000 0.000000 0.000000 0.000000 0.000000 0.000000 0.395634 1.000000 0.350285 
0.000000 0.000000 0.000000 0.000000 0.000000 0.000000 0.000000 0.000000 0.387426 1.000000 0.000000 
0.000000 0.000000 0.000000 0.000000 0.000000 0.000000 0.000000 0.000000 1.000000 0.633696 0.000000 
0.000000 0.000000 0.000000 0.000000 0.000000 0.000000 0.000000 0.000000 0.504556 1.000000 0.279307 
0.000000 0.000000 0.000000 0.000000 0.000000 0.000000 0.000000 0.091799 1.000000 0.633696 0.000000 
0.000000 0.000000 0.000000 0.000000 0.000000 0.000000 0.000000 0.040744 0.401140 1.000000 0.038242 
0.000000 0.000000 0.000000 0.000000 0.000000 0.000000 0.000000 0.000000 1.000000 0.575331 0.000000 
0.000000 0.000000 0.000000 0.000000 0.000000 0.000000 0.000000 0.000000 0.547000 1.000000 0.000000 
0.000000 0.000000 0.000000 0.000000 0.000000 0.000000 0.000000 0.000000 0.533385 1.000000 0.000000 
0.000000 0.000000 0.000000 0.000000 0.000000 0.000000 0.000000 0.000000 0.414156 1.000000 0.000000 
0.000000 0.000000 0.000000 0.000000 0.000000 0.000000 0.000000 0.000000 0.442487 1.000000 0.000000 
0.000000 0.000000 0.000000 0.000000 0.000000 0.000000 0.000000 0.000000 0.547000 1.000000 0.000000 
0.000000 0.000000 0.000000 0.000000 0.000000 0.000000 0.000000 0.000000 0.288517 1.000000 0.387426 
0.000000 0.000000 0.000000 0.000000 0.000000 0.000000 0.000000 0.000000 1.000000 0.592152 0.000000 
0.000000 0.000000 0.000000 0.000000 0.000000 0.000000 0.000000 0.000000 1.000000 0.512564 0.170588 
0.000000 0.000000 0.000000 0.000000 0.000000 0.000000 0.000000 0.000000 0.000000 1.000000 0.512564 
0.000000 0.000000 0.000000 0.000000 0.000000 0.000000 0.000000 0.000000 1.000000 0.512564 0.170588 
0.000000 0.000000 0.000000 0.000000 0.000000 0.000000 0.000000 0.000000 0.512564 1.000000 0.000000 
0.000000 0.000000 0.000000 0.000000 0.000000 0.000000 0.000000 0.000000 1.000000 0.512564 0.000000 
0.000000 0.000000 0.000000 0.000000 0.000000 0.000000 0.000000 0.000000 1.000000 0.567824 0.000000 
0.000000 0.000000 0.000000 0.000000 0.000000 0.000000 0.000000 0.170588 1.000000 0.170588 0.000000 
0.000000 0.000000 0.000000 0.000000 0.000000 0.000000 0.000000 0.512564 1.000000 0.512564 0.000000 
0.000000 0.000000 0.000000 0.000000 0.000000 0.000000 0.000000 0.000000 1.000000 0.567824 0.000000 
0.000000 0.000000 0.000000 0.000000 0.000000 0.000000 0.000000 0.000000 0.512564 1.000000 0.000000 
0.000000 0.000000 0.000000 0.000000 0.000000 0.000000 0.000000 0.000000 1.000000 0.512564 0.000000 
0.000000 0.000000 0.000000 0.000000 0.000000 0.000000 0.000000 0.000000 0.512564 1.000000 0.000000 
0.000000 0.000000 0.000000 0.000000 0.000000 0.000000 0.000000 0.000000 1.000000 0.512564 0.000000 
0.000000 0.000000 0.000000 0.000000 0.000000 0.000000 0.000000 0.000000 1.000000 0.000000 0.000000 
0.000000 0.000000 0.000000 0.000000 0.000000 0.000000 0.000000 0.000000 0.512564 1.000000 0.512564 
0.000000 0.000000 0.000000 0.000000 0.000000 0.000000 0.000000 0.000000 1.000000 0.512564 0.000000 
0.000000 0.000000 0.000000 0.000000 0.000000 0.000000 0.024826 0.173091 0.358794 0.543898 1.000000 
0.000000 0.000000 0.000000 0.000000 0.000000 0.000000 0.000000 0.173091 0.390931 1.000000 0.513664 
0.000000 0.000000 0.000000 0.000000 0.000000 0.000000 0.000000 0.251775 1.000000 0.673539 0.293721 
0.000000 0.000000 0.000000 0.000000 0.000000 0.000000 0.000000 0.082789 0.289116 1.000000 0.673539 
0.000000 0.000000 0.000000 0.000000 0.000000 0.082789 0.231452 0.390931 0.543898 0.513664 1.000000 
0.000000 0.000000 0.000000 0.083490 0.301530 1.000000 0.673539 0.259583 0.000000 0.000000 0.326458 
0.000000 0.000000 0.000000 0.000000 0.000000 0.053658 0.205627 0.332965 0.501952 0.428170 1.000000 
0.000000 0.210930 1.000000 0.340574 0.210930 0.025829 0.000000 0.326458 0.082789 0.214336 0.332965 
0.000000 0.000000 0.000000 0.000000 0.000000 0.000000 0.053658 0.263589 0.522675 1.000000 0.394232 
0.000000 0.000000 0.000000 0.000000 0.000000 0.000000 0.111621 0.384023 1.000000 0.513664 0.264591 
0.000000 0.000000 0.000000 0.173091 0.299027 1.000000 0.556112 0.583041 0.000000 0.000000 0.000000 
0.000000 0.000000 0.000000 0.168983 0.530083 1.000000 0.501952 0.189506 0.000000 0.000000 0.326458 
0.000000 0.000000 0.000000 0.000000 0.082789 0.332965 0.358794 0.293721 0.340574 1.000000 0.222544 
0.000000 0.000000 0.000000 0.000000 0.205627 0.332965 0.332965 0.231452 0.168983 1.000000 0.340574 
0.000000 0.000000 0.000000 0.000000 0.000000 0.000000 0.000000 0.057962 0.293721 0.554910 1.000000 
0.000000 0.000000 0.000000 0.024826 0.205627 0.332965 0.416458 0.416556 0.365400 1.000000 0.210930 
0.000000 0.000000 0.000000 0.000000 0.000000 0.000000 0.000000 0.512564 0.512564 1.000000 1.000000 
0.000000 0.000000 0.000000 0.000000 0.000000 0.000000 0.000000 0.000000 0.000000 0.000000 1.000000 
0.000000 0.000000 0.000000 0.000000 0.000000 0.000000 0.000000 0.000000 0.512564 1.000000 0.512564 
0.000000 0.000000 0.000000 0.000000 0.000000 0.000000 0.000000 0.512564 1.000000 0.512564 0.170588 
0.000000 0.000000 0.000000 0.078986 0.078986 0.170588 0.512564 1.000000 1.000000 0.512564 0.254579 
0.000000 0.000000 0.000000 0.000000 0.000000 0.254579 0.512564 0.620483 1.000000 1.000000 0.620483 
0.000000 0.000000 0.000000 0.000000 0.000000 0.000000 0.000000 0.000000 0.000000 0.512564 1.000000 
0.000000 0.000000 0.000000 0.000000 0.170588 0.254579 0.512564 0.620483 1.000000 1.000000 0.512564 
0.000000 0.000000 0.000000 0.000000 0.000000 0.078986 0.254579 0.512564 1.000000 1.000000 0.620483 
0.000000 0.000000 0.000000 0.078986 0.170588 0.254579 0.512564 1.000000 1.000000 0.620483 0.512564 
0.000000 0.000000 0.000000 0.078986 0.170588 0.254579 0.512564 0.620483 1.000000 1.000000 0.512564 
0.000000 0.000000 0.000000 0.000000 0.000000 0.000000 0.000000 0.512564 1.000000 1.000000 0.620483 
0.000000 0.000000 0.000000 0.000000 0.000000 0.000000 0.000000 0.000000 1.000000 1.000000 0.512564 
0.000000 0.000000 0.000000 0.000000 0.000000 0.078986 0.254579 0.512564 1.000000 1.000000 0.620483 
0.000000 0.000000 0.000000 0.000000 0.000000 0.000000 0.000000 0.000000 1.000000 1.000000 0.512564 
0.000000 0.000000 0.000000 0.078986 0.170588 0.254579 0.512564 1.000000 1.000000 0.620483 0.512564 
0.000000 0.000000 0.000000 0.000000 0.000000 0.000000 0.091799 0.326759 0.763039 1.000000 0.401140 
0.000000 0.000000 0.000000 0.000000 0.000000 0.000000 0.078786 0.299227 0.624388 1.000000 0.763039 
0.000000 0.000000 0.091799 0.288517 0.331763 1.000000 0.387426 0.536188 0.495444 0.258483 0.258483 
0.000000 0.000000 0.000000 0.000000 0.000000 0.040744 0.288517 0.583342 1.000000 0.624388 0.258483 
0.000000 0.000000 0.000000 0.000000 0.000000 0.000000 0.000000 0.091799 0.180899 0.763039 1.000000 
0.040744 0.142657 0.288517 0.504556 0.333165 1.000000 0.536188 0.258483 0.000000 0.000000 0.000000 
0.000000 0.000000 0.000000 0.000000 0.091799 0.142657 0.288517 0.763039 1.000000 0.783961 0.258483 
0.000000 0.000000 0.000000 0.000000 0.350285 0.783961 1.000000 0.590250 0.142657 0.000000 0.000000 
0.000000 0.000000 0.000000 0.000000 0.038242 0.350285 0.783961 1.000000 0.512564 0.125639 0.000000 
0.000000 0.000000 0.000000 0.000000 0.000000 0.000000 0.125639 0.536188 0.749525 1.000000 0.331763 
0.000000 0.000000 0.000000 0.000000 0.000000 0.000000 0.078786 0.387426 0.749525 1.000000 0.288517 
0.000000 0.000000 0.000000 0.000000 0.258483 0.495444 0.536188 0.547000 1.000000 0.331763 0.000000 
0.000000 0.000000 0.217437 0.638101 1.000000 0.350285 0.125639 0.078786 0.038242 0.000000 0.000000 
0.000000 0.279307 0.408650 1.000000 0.587246 0.316848 0.279307 0.125639 0.000000 0.000000 0.000000 
0.000000 0.000000 0.000000 0.040744 0.254078 1.000000 0.142657 0.217437 0.279307 0.495444 0.316848 
0.000000 0.000000 0.000000 0.000000 0.135550 0.303632 0.495444 0.587246 0.567824 1.000000 0.331763 
0.000000 0.000000 0.000000 0.000000 0.000000 0.000000 0.038242 0.446289 1.000000 0.821404 0.379716 
0.000000 0.000000 0.000000 0.000000 0.040744 0.207726 1.000000 0.783961 0.401140 0.038242 0.000000 
0.000000 0.000000 0.000000 0.000000 0.000000 0.000000 0.000000 0.130041 0.547000 1.000000 0.821404 
0.000000 0.000000 0.000000 0.000000 0.000000 0.000000 0.078786 0.279307 0.357592 0.783961 1.000000 
0.000000 0.000000 0.000000 0.000000 0.000000 0.000000 0.000000 0.000000 0.332864 1.000000 0.749525 
0.000000 0.000000 0.000000 0.000000 0.000000 0.091799 0.288517 1.000000 0.570929 0.536188 0.258483 
0.000000 0.128940 0.504556 1.000000 0.605365 0.624388 0.166383 0.000000 0.000000 0.000000 0.000000 
0.000000 0.000000 0.130041 0.547000 0.827211 1.000000 0.379716 0.128940 0.040744 0.000000 0.000000 
0.000000 0.000000 0.000000 0.258483 0.495444 0.166383 0.142657 1.000000 0.288517 0.091799 0.000000 
0.000000 0.000000 0.000000 0.000000 0.040744 0.128940 0.331763 0.504556 0.547000 1.000000 0.258483 
0.000000 0.040744 0.379716 1.000000 0.749525 0.587246 0.279307 0.000000 0.000000 0.000000 0.000000 
0.000000 0.078786 0.299227 0.638101 1.000000 0.763039 0.326759 0.091799 0.000000 0.000000 0.000000 
0.000000 0.000000 0.000000 0.000000 0.000000 0.000000 0.000000 0.125639 0.401140 1.000000 0.821404 
0.000000 0.000000 0.000000 0.000000 0.000000 0.000000 0.078786 0.258483 0.536188 0.783961 1.000000 
0.000000 0.000000 0.000000 0.000000 0.000000 0.000000 0.000000 0.038242 0.299227 0.749525 1.000000 
0.000000 0.000000 0.038242 0.125639 0.316848 0.495444 0.258483 0.078986 0.254078 1.000000 0.254078 
0.000000 0.000000 0.000000 0.000000 0.000000 0.000000 0.170588 1.000000 1.000000 0.512564 0.000000 
0.000000 0.000000 0.000000 0.000000 0.000000 0.000000 0.170588 1.000000 0.512564 0.000000 0.000000 
0.000000 0.000000 0.000000 0.000000 0.000000 0.000000 0.512564 1.000000 0.512564 0.000000 0.000000 
0.000000 0.000000 0.000000 0.000000 0.000000 0.000000 0.000000 0.512564 1.000000 0.512564 0.000000 
0.000000 0.000000 0.000000 0.000000 0.000000 0.000000 0.078986 0.512564 1.000000 0.078986 0.000000 
0.000000 0.000000 0.000000 0.000000 0.000000 0.000000 0.170588 1.000000 1.000000 0.170588 0.000000 
0.000000 0.000000 0.000000 0.000000 0.000000 0.000000 0.078986 1.000000 1.000000 0.078986 0.000000 
0.000000 0.000000 0.000000 0.000000 0.078986 1.000000 1.000000 0.512564 0.000000 0.000000 0.000000 
0.000000 0.000000 0.000000 0.000000 0.512564 1.000000 1.000000 0.512564 0.000000 0.000000 0.000000 
0.000000 0.000000 0.000000 0.000000 0.000000 0.000000 0.078986 1.000000 1.000000 0.078986 0.000000 
0.000000 0.000000 0.000000 0.000000 0.000000 0.000000 0.170588 1.000000 1.000000 0.170588 0.000000 
0.000000 0.000000 0.000000 0.000000 0.000000 0.000000 1.000000 1.000000 0.000000 0.000000 0.000000 
0.000000 0.000000 0.000000 0.000000 0.000000 0.000000 0.512564 1.000000 1.000000 0.512564 0.000000 
0.000000 0.000000 0.000000 0.000000 0.000000 0.000000 1.000000 1.000000 0.000000 0.000000 0.000000 
0.000000 0.000000 0.000000 0.000000 0.000000 0.000000 0.512564 1.000000 1.000000 0.512564 0.000000 
0.000000 0.000000 0.000000 0.000000 0.000000 0.000000 0.000000 0.000000 1.000000 1.000000 0.000000 
