0.000000 0.000000 0.000000 0.000000 0.000000 0.000000 0.091799 0.326759 0.763039 1.000000 0.401140 
0.000000 0.000000 0.000000 0.000000 0.000000 0.000000 0.078786 0.299227 0.624388 1.000000 0.763039 
0.000000 0.000000 0.091799 0.288517 0.331763 1.000000 0.387426 0.536188 0.495444 0.258483 0.258483 
0.000000 0.000000 0.000000 0.000000 0.000000 0.040744 0.288517 0.583342 1.000000 0.624388 0.258483 
0.000000 0.000000 0.000000 0.000000 0.000000 0.000000 0.000000 0.091799 0.180899 0.763039 1.000000 
0.040744 0.142657 0.288517 0.504556 0.333165 1.000000 0.536188 0.258483 0.000000 0.000000 0.000000 
0.000000 0.000000 0.000000 0.000000 0.091799 0.142657 0.288517 0.763039 1.000000 0.783961 0.258483 
0.000000 0.000000 0.000000 0.000000 0.350285 0.783961 1.000000 0.590250 0.142657 0.000000 0.000000 
0.000000 0.000000 0.000000 0.000000 0.038242 0.350285 0.783961 1.000000 0.512564 0.125639 0.000000 
0.000000 0.000000 0.000000 0.000000 0.000000 0.000000 0.125639 0.536188 0.749525 1.000000 0.331763 
0.000000 0.000000 0.000000 0.000000 0.000000 0.000000 0.078786 0.387426 0.749525 1.000000 0.288517 
0.000000 0.000000 0.000000 0.000000 0.258483 0.495444 0.536188 0.547000 1.000000 0.331763 0.000000 
0.000000 0.000000 0.217437 0.638101 1.000000 0.350285 0.125639 0.078786 0.038242 0.000000 0.000000 
0.000000 0.279307 0.408650 1.000000 0.587246 0.316848 0.279307 0.125639 0.000000 0.000000 0.000000 
0.000000 0.000000 0.000000 0.040744 0.254078 1.000000 0.142657 0.217437 0.279307 0.495444 0.316848 
0.000000 0.000000 0.000000 0.000000 0.135550 0.303632 0.495444 0.587246 0.567824 1.000000 0.331763 
